0 1
5 1.0072
10 1.00461
15 1.00421
20 1.00411
25 1.00496
30 1.00581
35 1.00499
40 1.00687
45 1.00803
50 1.00797
55 1.01015
60 1.01049
65 1.01115
70 1.01017
75 1.0071
80 1.00266
85 1.00072
90 1.00046
95 0.998419
100 0.998078
105 0.997205
110 0.995584
115 0.994689
120 0.993833
125 0.992616
130 0.991185
135 0.989855
140 0.988735
145 0.987578
150 0.986433
155 0.985175
160 0.983662
165 0.982479
170 0.983081
175 0.983237
180 0.983815
185 0.985549
190 0.985959
195 0.986047
200 0.985062
205 0.983939
210 0.983026
215 0.982061
220 0.981053
225 0.979757
230 0.978395
235 0.97618
240 0.974379
245 0.972594
250 0.969893
255 0.96638
260 0.963769
265 0.961404
270 0.9625
275 0.969139
280 0.97082
285 0.971573
290 0.973716
295 0.975856
300 0.976895
305 0.978792
310 0.981834
315 0.984552
320 0.985539
325 0.986166
330 1.11787
335 1.5764
340 1.45264
345 1.20285
350 1.30694
355 1.45354
360 0.99284
365 0.948753
370 0.949752
375 0.950802
380 0.950858
385 0.951151
390 0.951858
395 0.956931
400 0.957639
405 0.965089
410 0.968839
415 0.970411
420 1.0289
425 1.1139
430 1.0799
435 1.07325
440 0.960366
445 1.05436
450 0.962991
455 0.959905
460 1.1792
465 1.29104
470 1.3657
475 0.955066
480 0.952569
485 0.955406
490 0.95575
495 0.953611
500 0.950091
505 1.00458
510 0.99848
515 1.19323
520 1.06342
525 1.25249
530 0.946294
535 0.971676
540 0.935093
545 1.27892
550 1.14176
555 1.18911
560 0.93174
565 0.934724
570 1.01461
575 0.930662
580 1.00617
585 0.936022
590 0.934009
595 0.931003
600 0.925161
605 0.925078
610 0.923716
615 0.922321
620 0.919833
625 0.922512
630 0.921923
635 0.918203
640 0.922676
645 0.924826
650 0.925251
655 0.922064
660 0.917359
665 0.917687
670 0.917019
675 0.956223
680 0.914786
685 0.914927
690 0.99445
695 0.994546
700 1.05957
705 1.10737
710 1.02819
715 1.07555
720 1.2211
725 1.39633
730 1.69153
735 1.02311
740 1.10297
745 1.02789
750 1.11896
755 1.20356
760 1.0662
765 1.08763
770 1.06693
775 1.14999
780 1.37216
785 1.63602
790 1.34691
795 1.21633
800 1.1743
805 1.0263
810 0.898746
815 0.900922
820 0.906392
825 0.925627
830 0.90174
835 0.90609
840 0.92831
845 0.904112
850 0.909873
855 0.955721
860 0.915464
865 0.981125
870 0.928714
875 0.974057
880 1.29355
885 0.90201
890 0.896944
895 0.903645
900 0.905346
905 0.904703
910 0.905603
915 0.900505
920 0.9047
925 0.886766
930 1.04618
935 1.04752
940 0.955616
945 0.879056
950 0.875556
955 0.871963
960 0.872855
965 0.873487
970 0.875028
975 0.870235
980 0.870116
985 0.872837
990 0.871029
995 0.865096
1000 0.862945
1005 0.86765
1010 0.866563
1015 0.900428
1020 0.870589
1025 0.876532
1030 0.872315
1035 0.869967
1040 0.868106
1045 0.869187
1050 0.866967
1055 0.86767
1060 0.855299
1065 0.860627
1070 0.860029
1075 0.858977
1080 0.853948
1085 0.857918
1090 0.858077
1095 0.856918
1100 0.856372
1105 0.848907
1110 0.855851
1115 0.856122
1120 0.855267
1125 0.851348
1130 0.836994
1135 0.945308
1140 0.845424
1145 0.84346
1150 0.832817
1155 0.836702
1160 0.844679
1165 0.856553
1170 0.858546
1175 0.858684
1180 0.864585
1185 0.863802
1190 0.853824
1195 0.844968
1200 0.854033
1205 0.852571
1210 0.841268
1215 0.875752
1220 0.823916
1225 0.84357
1230 0.830627
1235 0.987477
1240 0.842723
1245 0.811771
1250 0.924769
1255 0.893809
1260 0.954746
1265 1.03639
1270 0.974798
1275 0.985016
1280 0.918648
1285 0.899129
1290 1.01172
1295 0.894794
1300 0.846852
1305 0.96398
1310 1.08275
1315 1.22772
1320 1.04589
1325 0.980128
1330 0.90029
1335 0.826753
1340 0.866029
1345 0.975786
1350 1.00477
1400 1.20897
1450 0.948329
1500 1.3007
1550 1.45476
1600 1.59195
1650 1.70187
1700 1.94403
1750 1.8493
1800 2.40212
1850 1.92336
1900 2.931
1950 2.28899
2000 2.05845
2050 2.48409
2100 2.24535
2150 1.88009
2200 1.60821
2250 1.5855
2300 1.48226
2350 1.71499
2400 1.60991
2450 1.20841
2500 1.30636
2550 2.35231
2600 1.75972
2650 1.89415
2700 1.50122
2750 1.91952
2800 1.6596
2850 2.01421
2900 1.75836
2950 2.03794
3000 1.52595
3050 1.9786
3100 1.743
3150 2.14613
3200 2.67074
3250 2.21132
3300 2.23057
3350 1.65471
3400 2.5467
3450 1.52862
3500 2.06632
3550 1.67069
3600 1.4116
3650 1.71174
3700 1.54523
3750 1.38388
3800 1.66011
3850 1.27158
3900 1.08685
3950 1.34073
4000 1.16905
4050 1.95801
4100 0.893541
4150 1.01511
4200 1.28135
4250 1.30215
4300 0.868496
4350 1.29695
4400 1.1132
4450 0.920892
4500 1.13384
4550 1.02134
4600 0.762912
4650 0.847541
4700 1.10823
4750 1.38043
4800 0.851155
4850 1.06671
4900 1.02715
4950 0.994688
5000 0.710515
5050 0.989208
5100 0.733643
5150 0.886432
5200 0.944369
5250 0.761428
5300 0.580823
5350 0.577507
5400 0.555143
5450 0.697805
5500 0.599569
5550 0.792694
5600 0.640335
5650 0.634875
5700 0.583163
5750 0.579434
5800 0.587432
5850 0.605857
5900 0.552566
5950 0.698804
6000 0.638255
6050 0.667582
6100 0.645997
6150 0.795813
6200 0.725619
6250 0.671026
6300 0.795985
6350 0.61875
6400 0.642927
6450 0.639705
6470 0.636135
6475 0.649999
6480 0.62465
6485 0.61187
6490 0.657749
6495 0.670119
6500 0.74172
6505 0.695858
6510 0.655179
6515 0.654277
6520 0.634942
6525 0.611505
6530 0.61903
6535 0.606972
6540 0.600441
6545 0.597452
6550 0.600543
6555 0.628406
6560 0.602635
6565 0.607985
6570 0.609793
6575 0.598245
6580 0.607081
6585 0.643029
6590 0.615132
6595 0.606034
6600 0.606808
6605 0.596653
6610 0.637353
6615 0.645307
6620 0.649408
6625 0.665041
6630 0.651907
6635 0.617295
6640 0.620296
6645 0.616936
6650 0.602137
6655 0.590284
6660 0.587371
6665 0.573984
6670 0.57832
6675 0.602282
6700 0.659999
6750 0.619707
6800 0.610599
6850 0.616749
6900 0.646977
6905 0.655959
6910 0.655113
6915 0.648657
6920 0.657153
6925 0.654818
6930 0.651562
6935 0.621238
6940 0.598577
6945 0.607845
6950 0.604265
6955 0.623082
6960 0.637772
6965 0.632693
6970 0.643642
6975 0.657867
6980 0.637587
6985 0.617021
6990 0.618121
6995 0.608505
7000 0.604663
7005 0.616448
7010 0.632205
7015 0.673656
7020 0.625867
7025 0.622851
7030 0.635419
7035 0.634749
7040 0.622412
7045 0.638446
7050 0.643216
7055 0.639682
7060 0.630035
7065 0.674311
7070 0.666097
7075 0.660091
7080 0.640146
7085 0.649021
7090 0.669581
7095 0.665546
7100 0.667478
7105 0.638645
7110 0.650497
7115 0.682297
7120 0.692211
7125 0.709759
7130 0.684176
7135 0.676432
7140 0.635311
7145 0.639198
7150 0.622204
7155 0.643893
7160 0.627105
7165 0.620902
7170 0.710708
7175 0.639016
7180 0.596936
7185 0.609167
7190 0.610663
7195 0.589084
7200 0.603882
7205 0.601824
7210 0.770699
7215 0.65664
7220 0.61147
7225 0.610538
7230 0.608321
7235 0.586658
7240 0.62155
7245 0.636262
7250 0.604285
7255 0.623927
7260 0.632898
7265 0.623003
7270 0.609984
7275 0.606583
7300 0.6181
7350 0.655059
7400 0.671632
7450 0.636
7500 0.672104
7550 0.690101
7600 0.708078
7650 0.65677
7655 0.648533
7660 0.699572
7665 0.700134
7670 0.70369
7675 0.693933
7680 0.697399
7685 0.737081
7690 0.702501
7695 0.769422
7700 0.763934
7705 0.713409
7710 0.727429
7715 0.722759
7720 0.723463
7725 0.711903
7750 0.744391
7800 0.7329
7850 0.774913
7900 0.906185
7950 0.77325
8000 0.734184
8050 0.855676
8100 0.825908
8150 0.831671
8200 0.791675
8250 0.895434
8300 0.890937
8350 0.932851
8400 0.740527
8450 0.938482
8500 0.737973
8550 0.916243
8600 0.889728
8650 0.855307
8700 0.854459
8750 0.771152
8800 0.861906
8850 0.814425
8900 0.799719
8950 0.811137
9000 0.8003
9050 0.744463
9100 0.840544
9150 0.922819
9200 0.940577
9250 0.837445
9300 0.87394
9350 0.805516
9400 0.799442
9450 0.819098
9500 0.924311
9550 0.906955
9600 0.952475
9650 0.798209
9700 0.758418
9750 0.693907
9800 0.634966
9850 0.73572
9900 0.729425
9950 0.738129
10000 0.709871
